34,4
34,3
34,2
34,1
34,0
33,8
33,7
33,6
33,5
33,4
33,3
33,2
33,1
33,0
32,9
32,8
32,7
32,6
32,5
32,4
32,3
32,2
32,1
32,0
31,6
31,5
31,4
31,3
31,2
31,1
31,0
30,9
30,8
30,7
30,6
30,5
30,4
30,3
30,2
30,1
30,0
29,6
29,5
29,4
29,3
29,2
29,1
29,0
28,5
28,4
28,3
28,2
28,1
28,0
27,5
27,4
27,3
27,2
27,1
27,0
26,5
26,4
26,3
26,2
26,1
26,0
25,5
25,4
25,3
25,2
25,1
25,0
24,6
24,5
24,4
24,3
24,2
24,1
24,0
23,5
23,4
23,3
23,2
23,1
23,0
22,4
22,3
22,2
22,1
22,0
21,4
21,3
21,2
21,1
21,0
20,4
20,3
20,2
20,1
20,0
19,4
19,3
19,2
19,1
19,0
18,3
18,2
18,1
18,0
17,4
17,3
17,2
17,1
17,0
16,4
16,3
16,2
16,1
16,0
15,4
15,3
15,2
15,1
15,0
14,8
14,7
14,6
14,5
14,4
14,3
14,2
14,1
14,0
13,6
13,5
13,4
13,3
13,2
13,1
13,0
12,8
12,7
12,6
12,5
12,4
12,3
12,2
12,1
12,0
11,3
11,2
11,1
11,0
10,6
10,5
10,4
10,3
10,2
10,1
10,0
9,5
9,4
9,3
9,2
9,1
9,0
8,7
8,6
8,5
8,4
8,3
8,2
8,1
8,0
7,5
7,4
7,3
7,2
7,1
7,0
6,8
6,7
6,6
6,5
6,4
6,3
6,2
6,1
6,0
5,3
5,2
5,1
5,0
2,28
2,27
2,26
2,25
2,24
2,23
2,22
2,21
2,20
2,19
2,18
2,17
2,16
2,15
2,14
2,13
2,12
2,11
2,10
2,9
2,8
2,6
2,5
2,4
2,2
2,7
2,1
2,3
2,0
1,3
0,410
0,344
0,341
4,3
0,317
0,309
0,308
0,243
0,9
0,1
34,5
34,6
35,0
35,1
35,3
35,4
35,6
36,1
36,2
36,4
36,5
37,0
37,2
37,3
37,5
38,0
38,2
38,3
38,5
39,1
39,2
39,4
39,5
39,7
39,9
39,10
40,1
40,2
40,4
40,5
40,7
40,9
40,10
40,12
40,13
40,15
40,17
40,18
41,1
41,2
41,4
42,0
42,2
42,4
42,5
43,1
43,2
43,4
44,0
44,1
44,3
44,4
44,6
45,1
45,2
46,0
46,1
46,3
46,4
47,1
47,3
47,4
47,6
48,0
48,2
48,4
48,5
48,7
48,8
48,10
48,11
49,1
49,3
49,4
49,6
49,7
49,9
49,11
49,12
50,1
50,2
50,4
51,0
51,2
51,4
51,5
51,7
51,8
52,0
52,2
52,3
52,5
52,6
52,8
53,0
53,1
53,3
53,4
53,6
54,0
54,2
54,4
54,5
55,1
55,2
55,4
55,6
56,0
56,2
56,3
56,5
56,6
56,8
56,10
56,11
56,13
57,0
57,2
57,4
57,5
58,1
58,2
58,4
58,5
58,7
59,0
59,1
59,3
59,4
60,0
60,2
60,3
60,5
61,0
61,2
61,3
61,5
61,7
62,0
62,2
62,3
62,5
63,1
63,2
64,0
64,1
64,3
64,5
65,0
65,2
65,3
65,5
65,6
66,1
66,3
66,4
66,6
66,7
67,0
67,2
67,3
67,5
67,6
67,8
67,9
67,11
68,0
68,1
68,3
68,4
69,1
69,3
69,4
69,6
69,7
70,1
70,2
70,4
70,6
70,7
70,9
71,0
71,2
71,4
71,5
72,0
72,1
72,3
72,5
72,6
72,8
73,0
73,2
73,3
73,5
74,0
74,1
74,3
74,4
74,6
75,1
75,2
75,4
75,5
75,7
75,8
76,0
76,2
76,3
76,5
77,0
77,2
77,4
77,5
78,1
78,2
78,4
78,5
79,1
79,3
79,4
79,6
79,7
80,0
80,2
80,3
80,5
80,6
81,1
81,2
81,4
81,6
81,7
82,1
82,2
82,4
83,1
83,2
83,4
83,5
84,1
84,3
84,4
85,0
85,1
85,3
85,4
86,0
86,2
86,3
86,5
86,6
86,8
87,0
87,1
87,3
87,4
88,1
88,2
88,4
88,6
89,0
89,2
89,3
90,0
90,2
90,3
90,5
90,6
90,8
90,9
91,0
91,2
91,3
91,5
92,0
92,2
92,4
92,5
93,0
93,1
93,3
93,5
93,6
94,0
94,1
94,3
94,4
95,0
95,2
95,3
96,0
96,1
96,3
97,1
97,2
97,4
97,5
98,1
98,2
98,4
98,6
98,7
98,9
98,10
98,12
99,0
99,1
99,3
99,4
99,6
100,0
100,2
100,4
101,0
101,2
101,3
101,5
101,7
101,8
101,10
101,11
101,13
102,0
102,1
102,3
102,4
103,1
103,2
103,4
103,6
104,0
104,2
104,3
105,0
105,2
105,3
105,5
105,6
106,0
106,1
106,3
107,0
107,1
107,3
107,4
107,6
108,1
108,2
108,4
108,5
108,7
108,8
109,0
109,2
109,3
109,5
109,6
109,8
109,10
109,11
110,1
110,2
110,4
110,5
110,7
111,1
111,2
111,4
111,5
112,1
112,3
112,4
113,0
113,1
113,3
113,5
114,0
114,2
114,3
114,5
114,6
114,8
115,0
115,1
115,3
115,4
115,6
115,8
115,9
115,11
115,10
115,7
115,5
115,2
114,9
114,7
114,4
114,1
113,4
113,2
112,5
112,2
112,0
111,3
111,0
110,6
110,3
110,0
109,9
109,7
109,4
109,1
108,9
108,6
108,3
108,0
107,5
107,2
106,4
106,2
105,7
105,4
105,1
104,4
104,1
103,5
103,3
103,0
102,2
101,14
101,12
101,9
101,6
101,4
101,1
100,3
100,1
99,5
99,2
98,13
98,11
98,8
98,5
98,3
98,0
97,3
97,0
96,2
95,4
95,1
94,5
94,2
93,7
93,4
93,2
92,6
92,3
92,1
91,4
91,1
90,10
90,7
90,4
90,1
89,4
89,1
88,5
88,3
88,0
87,2
86,9
86,7
86,4
86,1
85,5
85,2
84,5
84,2
84,0
83,3
83,0
82,3
82,0
81,5
81,3
81,0
80,4
80,1
79,8
79,5
79,2
79,0
78,3
78,0
77,3
77,1
76,4
76,1
75,9
75,6
75,3
75,0
74,5
74,2
73,6
73,4
73,1
72,7
72,4
72,2
71,6
71,3
71,1
70,8
70,5
70,3
70,0
69,5
69,2
69,0
68,2
67,12
67,10
67,7
67,4
67,1
66,8
66,5
66,2
66,0
65,4
65,1
64,4
64,2
63,3
63,0
62,4
62,1
61,6
61,4
61,1
60,4
60,1
59,5
59,2
58,8
58,6
58,3
58,0
57,3
57,1
56,12
56,9
56,7
56,4
56,1
55,5
55,3
55,0
54,3
54,1
53,5
53,2
52,9
52,7
52,4
52,1
51,9
51,6
51,3
51,1
50,3
50,0
49,10
49,8
49,5
49,2
49,0
48,9
48,6
48,3
48,1
47,5
47,2
47,0
46,2
45,3
45,0
44,5
44,2
43,5
43,3
43,0
42,3
42,1
41,3
41,0
40,16
40,14
40,11
40,8
40,6
40,3
40,0
39,8
39,6
39,3
39,0
38,4
38,1
37,4
37,1
36,6
36,3
36,0
35,5
35,2
34,7
0,436
0,435
0,300
0,299
0,298
0,297
0,296
0,295
0,294
0,293
0,292
0,291
0,290
0,289
0,288
0,287
0,286
0,285
0,284
0,283
0,282
0,281
0,280
0,279
0,278
0,277
0,276
0,275
0,274
0,273
0,272
0,271
0,270
0,269
0,268
0,267
0,266
0,265
0,264
0,263
0,262
0,261
0,260
0,259
0,258
0,257
0,256
0,255
0,254
0,253
0,252
0,251
0,250
0,249
0,248
0,247
0,246
0,245
0,244
0,242
0,241
0,240
0,239
0,238
0,237
0,236
0,235
0,234
0,233
0,232
0,231
0,230
0,229
0,228
0,227
0,226
0,225
0,224
0,223
0,222
0,221
0,220
0,219
0,218
0,217
0,216
0,215
0,214
0,213
0,212
0,211
0,210
0,209
0,208
0,207
0,206
0,205
0,204
0,203
0,202
0,201
0,200
0,199
0,198
0,197
0,196
0,195
0,194
0,193
0,192
0,63
0,62
0,61
0,60
0,59
0,58
0,57
0,56
0,55
0,54
0,53
0,52
0,51
0,50
0,49
0,48
0,47
0,46
0,45
0,6
0,0
0,5
0,304
0,303
0,306
0,305
0,302
0,316
0,12
0,409
0,10
0,8
0,389
0,11
0,4
0,2
0,3
0,7
